[EDITOR_]
PREVIOUS_DB_SYNCHRO=1286749219
ACTIVE_GRID=0
GRID_VISIBILITY=0
INITIAL_X_POS=1343
INITIAL_Y_POS=-302
WINDOW_PLACEMENT=2C0000000000000001000000FFFFFFFFFFFFFFFFFCFFFFFFE4FFFFFF580000006C000000F50200007F0100003A
ZOOM=78
PREVIEW=0
PREVIEW_RECT=B8FFFFFF5DFDFFFF000300000102000013
PREVIEW_AUTO=0
PREVIEW_FACTOR=4.000000
SEARCH_ITEM=1
DB_SYNCHRO_FREQUENCY=604800
[EDITOR_MEHDI]
PREVIOUS_DB_SYNCHRO=1261413257
ACTIVE_GRID=0
GRID_VISIBILITY=0
INITIAL_X_POS=-43
INITIAL_Y_POS=-435
WINDOW_PLACEMENT=2C0000000200000003000000FFFFFFFFFFFFFFFFFCFFFFFFE4FFFFFF6E00000077FFFFFF81030000FC00000065
ZOOM=100
PREVIEW=0
PREVIEW_RECT=60FFFFFF1DFDFFFFA8020000C1010000E1
PREVIEW_AUTO=0
PREVIEW_FACTOR=4.000000
[EDITOR_GUIGA]
PREVIOUS_DB_SYNCHRO=1263761190
ACTIVE_GRID=0
GRID_VISIBILITY=0
INITIAL_X_POS=-43
INITIAL_Y_POS=-152
WINDOW_PLACEMENT=2C0000000000000001000000FFFFFFFFFFFFFFFFFCFFFFFFE4FFFFFF160000001B000000C20300002E01000024
ZOOM=100
PREVIEW=0
PREVIEW_RECT=60FFFFFF1DFDFFFFA8020000C1010000E1
PREVIEW_AUTO=0
PREVIEW_FACTOR=4.000000
SEARCH_ITEM=1
DISPLAY_DETAIL_ITEM=1
RESTORE_FILE=1
RESTORE_ITEM=1
FILE_SUBSCRIPTION=0
LINK_ATTACHED_KEY=1
LOADONOPEN=2
DB_SYNCHRO_FREQUENCY=604800
